Dobrica

# 1 off
Decimal: 14013443 (24Bit) Binary: 110101011101010000000011 Tri-State: 1FFF1FF00001{Ü PulseLength: 305 microseconds Protocol: 1
Raw data: 9480,884,344,872,356,260,960,876,348,264,956,876,348,260,960,876,348,884,340,880,340,272,952,876,348,264,952,880,340,268,952,268,948,264,940,260,920,256,912,260,900,264,888,264,892,264,884,396,52,

# 1 on
Decimal: 14013452 (24Bit) Binary: 110101011101010000001100 Tri-State: 1FFF1FF00010!{Ü PulseLength: 305 microseconds Protocol: 1
Raw data: 9456,884,340,884,336,272,940,868,324,264,880,864,316,264,880,864,316,264,892,848,332,256,884,860,324,32,888,856,324,260,240,92,60,20,108,80,64,64,76,44,240,28,1824,24,508,24,112,12,1376,


# 2 off
Decimal: 13988867 (24Bit) Binary: 110101010111010000000011 Tri-State: 1FFFF1F00001 PulseLength: 305 microseconds Protocol: 1
Raw data: 9496,884,344,884,340,272,948,884,344,272,952,880,348,260,960,884,340,272,948,880,348,880,344,884,344,264,960,876,348,268,952,268,956,264,956,264,956,264,956,268,952,272,948,272,952,876,348,880,348,

# 2 on
Decimal: 13988876 (24Bit) Binary: 110101010111010000001100 Tri-State: 1FFFF1F00010{Ü PulseLength: 305 microseconds Protocol: 1
Raw data: 9484,884,340,884,344,268,952,884,344,268,952,880,348,264,956,880,344,272,952,888,336,272,952,884,344,264,956,880,344,268,952,264,896,260,884,268,888,264,884,264,888,264,888,260,892,264,880,264,892,


# 3 off
Decimal: 13982723 (24Bit) Binary: 110101010101110000000011 Tri-State: 1FFFFF100001 PulseLength: 305 microseconds Protocol: 1
Raw data: 9472,888,336,888,340,272,948,872,360,124,1528,356,4092,400,2044,860,352,864,352,864,340,252,908,252,904,256,888,264,888,268,116,60,124,144,144,20,44,152,80,100,64,192,72,180,176,64,136,116,48,

# 3 off
Decimal: 13982732 (24Bit) Binary: 110101010101110000001100 Tri-State: 1FFFFF100010{Ü PulseLength: 305 microseconds Protocol: 1
Raw data: 9480,884,340,884,344,268,948,892,332,280,944,880,348,268,956,876,344,272,948,884,344,264,956,880,340,880,352,644,540,52,360,164,64,1244,68,528,36,1220,12,36,652,32,32,44,52,96,216,136,44,



Vedran

# 1 on
Decimal: 4128960 (24Bit) Binary: 001111110000000011000000 Tri-State: 011100001000 PulseLength: 224 microseconds Protocol: 1
Raw data: 6992,192,704,196,692,644,264,632,264,636,264,632,264,636,264,640,252,192,708,188,712,180,712,24,628,16,52,128,232,104,44,2588,88,240,880,276,56,56,812,112,12,16,80,344,684,64,740,104,28,

# 1 off
Decimal: 4128768 (24Bit) Binary: 001111110000000000000000 Tri-State: 011100000000Z PulseLength: 224 microseconds Protocol: 1
Raw data: 6992,196,700,188,704,644,260,636,260,644,252,644,252,648,252,644,260,188,712,180,712,192,708,184,712,188,204,32,2380,132,664,40,56,392,564,100,128,56,52,352,1396,280,200,44,132,100,16,192,104,


# 2 on
Decimal: 983232 (24Bit) Binary: 000011110000000011000000 Tri-State: 001100001000 PulseLength: 224 microseconds Protocol: 1
Raw data: 6988,188,708,184,708,196,704,188,712,636,260,636,256,636,272,624,272,176,720,176,720,180,716,176,720,180,716,184,708,188,712,184,712,628,272,628,32,112,20,232,24,40,96,48,184,236,1092,64,312,

# 2 off
Decimal: 983040 (24Bit) Binary: 000011110000000000000000 Tri-State: 001100000000¦ PulseLength: 224 microseconds Protocol: 1
Raw data: 6972,224,676,188,708,196,700,200,704,640,248,652,248,360,236,652,252,200,692,212,700,188,704,196,1072,68,280,1984,16,76,312,68,376,352,476,44,260,1468,112,68,112,76,40,88,24,420,24,296,52,


# 3 on
Decimal: 3342528 (24Bit) Binary: 001100110000000011000000 Tri-State: 010100001000 PulseLength: 225 microseconds Protocol: 1
Raw data: 30628,28,316,84,128,188,288,172,144,56,12,16,644,272,716,232,124,48,1064,124,872,40,52,336,340,580,84,16,24,188,44,132,812,16,16,108,2220,80,132,140,104,76,236,380,196,380,40,152,112,

# 3 off
Decimal: 3342336 (24Bit) Binary: 001100110000000000000000 Tri-State: 010100000000(
¦ PulseLength: 224 microseconds Protocol: 1
Raw data: 6968,208,688,212,688,672,224,660,248,172,716,200,264,1088,224,364,16,1296,84,164,32,352,216,220,396,44,236,212,684,2124,64,108,696,224,660,244,208,680,748,168,732,612,1240,104,728,208,688,224,684,


# 4 on
Decimal: 196800 (24Bit) Binary: 000000110000000011000000 Tri-State: 000100001000 PulseLength: 224 microseconds Protocol: 1
Raw data: 6988,200,696,196,712,184,716,180,708,196,700,204,700,644,256,644,256,192,708,184,712,192,716,188,712,188,712,200,700,196,704,196,704,640,260,640,260,192,708,188,712,192,708,188,712,184,712,196,708,


# 4 off
Decimal: 196608 (24Bit) Binary: 000000110000000000000000 Tri-State: 000100000000 PulseLength: 225 microseconds Protocol: 1
Raw data: 6972,208,692,208,700,196,704,196,696,200,704,196,712,652,244,648,264,184,708,192,708,184,712,196,700,24,424,24,720,168,724,192,356,112,192,708,192,704,192,36,88,44,196,704,192,708,188,712,188,


# 5 on
Decimal: 3932352 (24Bit) Binary: 001111000000000011000000 Tri-State: 011000001000¦ PulseLength: 224 microseconds Protocol: 1
Raw data: 6992,196,704,192,700,644,264,636,260,640,260,636,256,188,720,184,712,184,712,180,720,180,712,188,720,180,716,180,712,188,720,184,712,640,264,632,268,180,724,180,716,184,712,188,716,184,712,188,712,

# 5 off
Decimal: 3932160 (24Bit) Binary: 001111000000000000000000 Tri-State: 011000000000 PulseLength: 224 microseconds Protocol: 1
Raw data: 6996,200,700,192,696,652,252,640,260,640,260,644,248,196,712,184,712,188,712,188,708,192,708,188,712,188,712,180,708,192,128,292,156,16,68,84,80,152,260,76,424,304,44,68,84,104,128,76,24,


